seed-to-soil 3809825462 2725979505 339457863
seed-to-soil 3359244708 2085610478 450580754
seed-to-soil 652041572 2536191232 189788273
seed-to-soil 841829845 3346349446 343599367
seed-to-soil 1408035723 73701258 732851393
seed-to-soil 2140887116 3689948813 88205018
seed-to-soil 0 3778153831 371129494
seed-to-soil 2953980724 0 73701258
seed-to-soil 3027681982 1754047752 331562726
seed-to-soil 2229092134 1029159162 724888590
seed-to-soil 1185429212 806552651 222606511
seed-to-soil 371129494 3065437368 280912078
soil-to-fertilizer 201390752 0 263005475
soil-to-fertilizer 772560454 263005475 186665885
soil-to-fertilizer 3597849741 3228095269 216867970
soil-to-fertilizer 959226339 951560560 85171934
soil-to-fertilizer 2882237029 3813801625 34286208
soil-to-fertilizer 0 586356609 16090261
soil-to-fertilizer 1460387186 1189054013 136970257
soil-to-fertilizer 2511361703 2581174071 147006778
soil-to-fertilizer 201110502 1477157137 280250
soil-to-fertilizer 3582774663 3444963239 15075078
soil-to-fertilizer 2073881675 2245158204 30510333
soil-to-fertilizer 3127914126 3163440286 64654983
soil-to-fertilizer 1724767985 602446870 349113690
soil-to-fertilizer 1597357443 1036732494 127410542
soil-to-fertilizer 1044398273 1164143036 24910977
soil-to-fertilizer 635875205 449671360 136685249
soil-to-fertilizer 2916523237 2728180849 211390889
soil-to-fertilizer 1069309250 1854080268 391077936
soil-to-fertilizer 167223128 1820192894 33887374
soil-to-fertilizer 4168481019 2454687794 126486277
soil-to-fertilizer 3496254979 4048626015 86519684
soil-to-fertilizer 2454687794 4238293387 56673909
soil-to-fertilizer 2104392008 1648916365 171276529
soil-to-fertilizer 3814717711 3460038317 353763308
soil-to-fertilizer 464396227 1477437387 171478978
soil-to-fertilizer 2658368481 2939571738 223868548
soil-to-fertilizer 16090261 1326024270 151132867
soil-to-fertilizer 3393107291 4135145699 103147688
soil-to-fertilizer 3192569109 3848087833 200538182
fertilizer-to-water 357701033 441924316 54941059
fertilizer-to-water 2047098412 1574732688 106451110
fertilizer-to-water 2414997091 2961420861 217583761
fertilizer-to-water 3647103220 3202843177 147888878
fertilizer-to-water 1781607871 3397471081 265490541
fertilizer-to-water 433955285 629676938 29320532
fertilizer-to-water 3280739425 2494455782 366363795
fertilizer-to-water 2818710889 1426835569 147897119
fertilizer-to-water 1120892574 3179004622 23838555
fertilizer-to-water 1539573533 3662961622 195295312
fertilizer-to-water 3794992098 1820059317 63264836
fertilizer-to-water 0 84223283 357701033
fertilizer-to-water 1144731129 1702496991 117562326
fertilizer-to-water 2153549522 2046878176 261447569
fertilizer-to-water 593734757 726830618 239035306
fertilizer-to-water 987137385 83279657 943626
fertilizer-to-water 2966608008 0 83279657
fertilizer-to-water 1734868845 3350732055 46739026
fertilizer-to-water 1438972249 2860819577 100601284
fertilizer-to-water 2632580852 2308325745 186130037
fertilizer-to-water 1262293455 965865924 108845646
fertilizer-to-water 412642092 1681183798 21313193
fertilizer-to-water 472462518 1305563330 121272239
fertilizer-to-water 988081011 496865375 132811563
fertilizer-to-water 463275817 2037691475 9186701
fertilizer-to-water 3049887665 1074711570 230851760
fertilizer-to-water 832770063 1883324153 154367322
fertilizer-to-water 1371139101 658997470 67833148
water-to-light 4062286509 3839153068 91029970
water-to-light 1610728246 3827168971 11474903
water-to-light 2753947407 2725849236 1101319735
water-to-light 2525484879 1829977386 228462528
water-to-light 657837215 1095779595 241604827
water-to-light 1895347620 1337384422 492592964
water-to-light 1425623249 4009599599 185104997
water-to-light 2446068318 3930183038 79416561
water-to-light 1894838426 3838643874 509194
water-to-light 2389619503 896001044 56448815
water-to-light 3855267142 2058439914 207019367
water-to-light 1187459420 657837215 238163829
water-to-light 1622203149 2467395620 172372577
water-to-light 2387940584 952449859 1678919
water-to-light 985523081 2265459281 201936339
water-to-light 4153316479 954128778 141650817
water-to-light 1794575726 4194704596 100262700
water-to-light 899442042 2688664470 37184766
water-to-light 936626808 2639768197 48896273
light-to-temperature 0 2682471120 43545350
light-to-temperature 2829609407 2423668531 227914183
light-to-temperature 3685065657 3821208881 65673550
light-to-temperature 1319277847 0 33132672
light-to-temperature 818263707 3091863377 5216721
light-to-temperature 3144636417 670795080 1340457
light-to-temperature 1352410519 895535914 570572224
light-to-temperature 2709351136 1662268878 120258271
light-to-temperature 115643652 2726016470 93054822
light-to-temperature 455333494 1538206440 124062438
light-to-temperature 3839611769 4030334543 30664857
light-to-temperature 3750739207 4258515305 36451991
light-to-temperature 2070721515 33132672 155555065
light-to-temperature 3132740473 2067641423 5192544
light-to-temperature 4147162986 3685065657 58311172
light-to-temperature 4278703737 3743376829 16263559
light-to-temperature 1070098598 2174489282 249179249
light-to-temperature 716608392 2072833967 101655315
light-to-temperature 43545350 1466108138 72098302
light-to-temperature 3057523590 3016646494 75216883
light-to-temperature 2700979566 887164344 8371570
light-to-temperature 4205474158 4060999400 73229579
light-to-temperature 2226276580 188687737 474702986
light-to-temperature 1971879519 1968799427 98841996
light-to-temperature 3931845119 4134228979 124286326
light-to-temperature 579395932 2819071292 137212460
light-to-temperature 3137933017 672135537 6703400
light-to-temperature 1062694241 663390723 7404357
light-to-temperature 3787191198 3886882431 52420571
light-to-temperature 269061216 1782527149 186272278
light-to-temperature 1031805835 2651582714 30888406
light-to-temperature 823480428 678838937 208325407
light-to-temperature 3870276626 3759640388 61568493
light-to-temperature 4056131445 3939303002 91031541
light-to-temperature 1922982743 3097080098 48896776
light-to-temperature 208698474 2956283752 60362742
temperature-to-humidity 219529182 731674447 232727899
temperature-to-humidity 2748076784 2771987989 46463882
temperature-to-humidity 2514344851 4061235363 233731933
temperature-to-humidity 0 1369964423 219529182
temperature-to-humidity 452257081 362359049 21789881
temperature-to-humidity 4243457964 2720478657 51509332
temperature-to-humidity 3085663754 3109574959 64704581
temperature-to-humidity 1639319644 384148930 347525517
temperature-to-humidity 3150368335 3626166922 251414834
temperature-to-humidity 1986845161 0 139120377
temperature-to-humidity 1382707786 1339581093 30383330
temperature-to-humidity 1413091116 1113352565 226228528
temperature-to-humidity 2794540666 2818451871 291123088
temperature-to-humidity 2125965538 338187591 24171458
temperature-to-humidity 474046962 139120377 157229612
temperature-to-humidity 2361125570 1100881680 12470885
temperature-to-humidity 631276574 296349989 41837602
temperature-to-humidity 3401783169 3428035243 198131679
temperature-to-humidity 3989702261 3174279540 253755703
temperature-to-humidity 2224646236 964402346 136479334
temperature-to-humidity 2150136996 2299087215 74509240
temperature-to-humidity 3806048654 3877581756 183653607
temperature-to-humidity 3599914848 2514344851 206133806
temperature-to-humidity 673114176 1589493605 709593610
humidity-to-location 4029426902 1202474782 191291587
humidity-to-location 2764446301 708692227 493782555
humidity-to-location 2188304413 3350514524 33021460
humidity-to-location 3318755823 4213528230 67155117
humidity-to-location 2000392671 620732246 87959981
humidity-to-location 3754724301 3075811923 274702601
humidity-to-location 3258228856 1393766369 60526967
humidity-to-location 2088352652 4113576469 99951761
humidity-to-location 363515622 1849258760 614077493
humidity-to-location 1213242541 342257124 11129119
humidity-to-location 1733046668 353386243 267346003
humidity-to-location 1224371660 4280683347 14283949
humidity-to-location 2577070088 2888435710 187376213
humidity-to-location 4220718489 2832149614 56286096
humidity-to-location 324294413 1810037551 39221209
humidity-to-location 3385910940 2463336253 368813361
humidity-to-location 977593115 3383535984 235649426
humidity-to-location 1238655609 3619185410 494391059
humidity-to-location 4277004585 324294413 17962711
humidity-to-location 2221325873 1454293336 355744215